valgrind --leak-check=full  ./a.out < redir_100_4.txt 
==93== Memcheck, a memory error detector
==93== Copyright (C) 2002-2017, and GNU GPL'd, by Julian Seward et al.
==93== Using Valgrind-3.15.0 and LibVEX; rerun with -h for copyright info
==93== Command: ./a.out
==93==

Part 1 - edit distance table
 Repeatedly enter two words separated by a space (e.g.: cat someone).
 Stop with: -1 -1

 first: 1234567890123456789012345678901234567890123456789012345678901234567890123456789012345678901234567890
second: 1234

  |   |  1|  2|  3|  4|
-----------------------
  |  0|  1|  2|  3|  4|
-----------------------
 1|  1|  0|  1|  2|  3|
-----------------------
 2|  2|  1|  0|  1|  2|
-----------------------
 3|  3|  2|  1|  0|  1|
-----------------------
 4|  4|  3|  2|  1|  0|
-----------------------
 5|  5|  4|  3|  2|  1|
-----------------------
 6|  6|  5|  4|  3|  2|
-----------------------
 7|  7|  6|  5|  4|  3|
-----------------------
 8|  8|  7|  6|  5|  4|
-----------------------
 9|  9|  8|  7|  6|  5|
-----------------------
 0| 10|  9|  8|  7|  6|
-----------------------
 1| 11| 10|  9|  8|  7|
-----------------------
 2| 12| 11| 10|  9|  8|
-----------------------
 3| 13| 12| 11| 10|  9|
-----------------------
 4| 14| 13| 12| 11| 10|
-----------------------
 5| 15| 14| 13| 12| 11|
-----------------------
 6| 16| 15| 14| 13| 12|
-----------------------
 7| 17| 16| 15| 14| 13|
-----------------------
 8| 18| 17| 16| 15| 14|
-----------------------
 9| 19| 18| 17| 16| 15|
-----------------------
 0| 20| 19| 18| 17| 16|
-----------------------
 1| 21| 20| 19| 18| 17|
-----------------------
 2| 22| 21| 20| 19| 18|
-----------------------
 3| 23| 22| 21| 20| 19|
-----------------------
 4| 24| 23| 22| 21| 20|
-----------------------
 5| 25| 24| 23| 22| 21|
-----------------------
 6| 26| 25| 24| 23| 22|
-----------------------
 7| 27| 26| 25| 24| 23|
-----------------------
 8| 28| 27| 26| 25| 24|
-----------------------
 9| 29| 28| 27| 26| 25|
-----------------------
 0| 30| 29| 28| 27| 26|
-----------------------
 1| 31| 30| 29| 28| 27|
-----------------------
 2| 32| 31| 30| 29| 28|
-----------------------
 3| 33| 32| 31| 30| 29|
-----------------------
 4| 34| 33| 32| 31| 30|
-----------------------
 5| 35| 34| 33| 32| 31|
-----------------------
 6| 36| 35| 34| 33| 32|
-----------------------
 7| 37| 36| 35| 34| 33|
-----------------------
 8| 38| 37| 36| 35| 34|
-----------------------
 9| 39| 38| 37| 36| 35|
-----------------------
 0| 40| 39| 38| 37| 36|
-----------------------
 1| 41| 40| 39| 38| 37|
-----------------------
 2| 42| 41| 40| 39| 38|
-----------------------
 3| 43| 42| 41| 40| 39|
-----------------------
 4| 44| 43| 42| 41| 40|
-----------------------
 5| 45| 44| 43| 42| 41|
-----------------------
 6| 46| 45| 44| 43| 42|
-----------------------
 7| 47| 46| 45| 44| 43|
-----------------------
 8| 48| 47| 46| 45| 44|
-----------------------
 9| 49| 48| 47| 46| 45|
-----------------------
 0| 50| 49| 48| 47| 46|
-----------------------
 1| 51| 50| 49| 48| 47|
-----------------------
 2| 52| 51| 50| 49| 48|
-----------------------
 3| 53| 52| 51| 50| 49|
-----------------------
 4| 54| 53| 52| 51| 50|
-----------------------
 5| 55| 54| 53| 52| 51|
-----------------------
 6| 56| 55| 54| 53| 52|
-----------------------
 7| 57| 56| 55| 54| 53|
-----------------------
 8| 58| 57| 56| 55| 54|
-----------------------
 9| 59| 58| 57| 56| 55|
-----------------------
 0| 60| 59| 58| 57| 56|
-----------------------
 1| 61| 60| 59| 58| 57|
-----------------------
 2| 62| 61| 60| 59| 58|
-----------------------
 3| 63| 62| 61| 60| 59|
-----------------------
 4| 64| 63| 62| 61| 60|
-----------------------
 5| 65| 64| 63| 62| 61|
-----------------------
 6| 66| 65| 64| 63| 62|
-----------------------
 7| 67| 66| 65| 64| 63|
-----------------------
 8| 68| 67| 66| 65| 64|
-----------------------
 9| 69| 68| 67| 66| 65|
-----------------------
 0| 70| 69| 68| 67| 66|
-----------------------
 1| 71| 70| 69| 68| 67|
-----------------------
 2| 72| 71| 70| 69| 68|
-----------------------
 3| 73| 72| 71| 70| 69|
-----------------------
 4| 74| 73| 72| 71| 70|
-----------------------
 5| 75| 74| 73| 72| 71|
-----------------------
 6| 76| 75| 74| 73| 72|
-----------------------
 7| 77| 76| 75| 74| 73|
-----------------------
 8| 78| 77| 76| 75| 74|
-----------------------
 9| 79| 78| 77| 76| 75|
-----------------------
 0| 80| 79| 78| 77| 76|
-----------------------
 1| 81| 80| 79| 78| 77|
-----------------------
 2| 82| 81| 80| 79| 78|
-----------------------
 3| 83| 82| 81| 80| 79|
-----------------------
 4| 84| 83| 82| 81| 80|
-----------------------
 5| 85| 84| 83| 82| 81|
-----------------------
 6| 86| 85| 84| 83| 82|
-----------------------
 7| 87| 86| 85| 84| 83|
-----------------------
 8| 88| 87| 86| 85| 84|
-----------------------
 9| 89| 88| 87| 86| 85|
-----------------------
 0| 90| 89| 88| 87| 86|
-----------------------
 1| 91| 90| 89| 88| 87|
-----------------------
 2| 92| 91| 90| 89| 88|
-----------------------
 3| 93| 92| 91| 90| 89|
-----------------------
 4| 94| 93| 92| 91| 90|
-----------------------
 5| 95| 94| 93| 92| 91|
-----------------------
 6| 96| 95| 94| 93| 92|
-----------------------
 7| 97| 96| 95| 94| 93|
-----------------------
 8| 98| 97| 96| 95| 94|
-----------------------
 9| 99| 98| 97| 96| 95|
-----------------------
 0|100| 99| 98| 97| 96|
-----------------------

edit distance: 96

=========================================================================================

 first: 1234
second: 1234567890123456789012345678901234567890123456789012345678901234567890123456789012345678901234567890

  |   |  1|  2|  3|  4|  5|  6|  7|  8|  9|  0|  1|  2|  3|  4|  5|  6|  7|  8|  9|  0|  1|  2|  3|  4|  5|  6|  7|  8|  9|  0|  1|  2|  3|  4|  5|  6|  7|  8|  9|  0|  1|  2|  3|  4|  5|  6|  7|  8|  9|  0|  1|  2|  3|  4|  5|  6|  7|  8|  9|  0|  1|  2|  3|  4|  5|  6|  7|  8|  9|  0|  1|  2|  3|  4|  5|  6|  7|  8|  9|  0|  1|  2|  3|  4|  5|  6|  7|  8|  9|  0|  1|  2|  3|  4|  5|  6|  7|  8|  9|  0|
-----------------------------------------------------------------------------------------------------------------------------------------------------------------------------------------------------------------------------------------------------------------------------------------------------------------------------------------------------------------------------------------------------------------------
  |  0|  1|  2|  3|  4|  5|  6|  7|  8|  9| 10| 11| 12| 13| 14| 15| 16| 17| 18| 19| 20| 21| 22| 23| 24| 25| 26| 27| 28| 29| 30| 31| 32| 33| 34| 35| 36| 37| 38| 39| 40| 41| 42| 43| 44| 45| 46| 47| 48| 49| 50| 51| 52| 53| 54| 55| 56| 57| 58| 59| 60| 61| 62| 63| 64| 65| 66| 67| 68| 69| 70| 71| 72| 73| 74| 75| 76| 77| 78| 79| 80| 81| 82| 83| 84| 85| 86| 87| 88| 89| 90| 91| 92| 93| 94| 95| 96| 97| 98| 99|100|
-----------------------------------------------------------------------------------------------------------------------------------------------------------------------------------------------------------------------------------------------------------------------------------------------------------------------------------------------------------------------------------------------------------------------
 1|  1|  0|  1|  2|  3|  4|  5|  6|  7|  8|  9| 10| 11| 12| 13| 14| 15| 16| 17| 18| 19| 20| 21| 22| 23| 24| 25| 26| 27| 28| 29| 30| 31| 32| 33| 34| 35| 36| 37| 38| 39| 40| 41| 42| 43| 44| 45| 46| 47| 48| 49| 50| 51| 52| 53| 54| 55| 56| 57| 58| 59| 60| 61| 62| 63| 64| 65| 66| 67| 68| 69| 70| 71| 72| 73| 74| 75| 76| 77| 78| 79| 80| 81| 82| 83| 84| 85| 86| 87| 88| 89| 90| 91| 92| 93| 94| 95| 96| 97| 98| 99|
-----------------------------------------------------------------------------------------------------------------------------------------------------------------------------------------------------------------------------------------------------------------------------------------------------------------------------------------------------------------------------------------------------------------------
 2|  2|  1|  0|  1|  2|  3|  4|  5|  6|  7|  8|  9| 10| 11| 12| 13| 14| 15| 16| 17| 18| 19| 20| 21| 22| 23| 24| 25| 26| 27| 28| 29| 30| 31| 32| 33| 34| 35| 36| 37| 38| 39| 40| 41| 42| 43| 44| 45| 46| 47| 48| 49| 50| 51| 52| 53| 54| 55| 56| 57| 58| 59| 60| 61| 62| 63| 64| 65| 66| 67| 68| 69| 70| 71| 72| 73| 74| 75| 76| 77| 78| 79| 80| 81| 82| 83| 84| 85| 86| 87| 88| 89| 90| 91| 92| 93| 94| 95| 96| 97| 98|
-----------------------------------------------------------------------------------------------------------------------------------------------------------------------------------------------------------------------------------------------------------------------------------------------------------------------------------------------------------------------------------------------------------------------
 3|  3|  2|  1|  0|  1|  2|  3|  4|  5|  6|  7|  8|  9| 10| 11| 12| 13| 14| 15| 16| 17| 18| 19| 20| 21| 22| 23| 24| 25| 26| 27| 28| 29| 30| 31| 32| 33| 34| 35| 36| 37| 38| 39| 40| 41| 42| 43| 44| 45| 46| 47| 48| 49| 50| 51| 52| 53| 54| 55| 56| 57| 58| 59| 60| 61| 62| 63| 64| 65| 66| 67| 68| 69| 70| 71| 72| 73| 74| 75| 76| 77| 78| 79| 80| 81| 82| 83| 84| 85| 86| 87| 88| 89| 90| 91| 92| 93| 94| 95| 96| 97|
-----------------------------------------------------------------------------------------------------------------------------------------------------------------------------------------------------------------------------------------------------------------------------------------------------------------------------------------------------------------------------------------------------------------------
 4|  4|  3|  2|  1|  0|  1|  2|  3|  4|  5|  6|  7|  8|  9| 10| 11| 12| 13| 14| 15| 16| 17| 18| 19| 20| 21| 22| 23| 24| 25| 26| 27| 28| 29| 30| 31| 32| 33| 34| 35| 36| 37| 38| 39| 40| 41| 42| 43| 44| 45| 46| 47| 48| 49| 50| 51| 52| 53| 54| 55| 56| 57| 58| 59| 60| 61| 62| 63| 64| 65| 66| 67| 68| 69| 70| 71| 72| 73| 74| 75| 76| 77| 78| 79| 80| 81| 82| 83| 84| 85| 86| 87| 88| 89| 90| 91| 92| 93| 94| 95| 96|
-----------------------------------------------------------------------------------------------------------------------------------------------------------------------------------------------------------------------------------------------------------------------------------------------------------------------------------------------------------------------------------------------------------------------

edit distance: 96

=========================================================================================

 first: abcdefgnhjabcdefgnhjabcdefgnhjabcdefgnhjabcdefgnhjabcdefgnhjabcdefgnhjabcdefgnhjabcdefgnhjabcdefgnhj
second: 1234567890

  |   |  1|  2|  3|  4|  5|  6|  7|  8|  9|  0|
-----------------------------------------------
  |  0|  1|  2|  3|  4|  5|  6|  7|  8|  9| 10|
-----------------------------------------------
 a|  1|  1|  2|  3|  4|  5|  6|  7|  8|  9| 10|
-----------------------------------------------
 b|  2|  2|  2|  3|  4|  5|  6|  7|  8|  9| 10|
-----------------------------------------------
 c|  3|  3|  3|  3|  4|  5|  6|  7|  8|  9| 10|
-----------------------------------------------
 d|  4|  4|  4|  4|  4|  5|  6|  7|  8|  9| 10|
-----------------------------------------------
 e|  5|  5|  5|  5|  5|  5|  6|  7|  8|  9| 10|
-----------------------------------------------
 f|  6|  6|  6|  6|  6|  6|  6|  7|  8|  9| 10|
-----------------------------------------------
 g|  7|  7|  7|  7|  7|  7|  7|  7|  8|  9| 10|
-----------------------------------------------
 n|  8|  8|  8|  8|  8|  8|  8|  8|  8|  9| 10|
-----------------------------------------------
 h|  9|  9|  9|  9|  9|  9|  9|  9|  9|  9| 10|
-----------------------------------------------
 j| 10| 10| 10| 10| 10| 10| 10| 10| 10| 10| 10|
-----------------------------------------------
 a| 11| 11| 11| 11| 11| 11| 11| 11| 11| 11| 11|
-----------------------------------------------
 b| 12| 12| 12| 12| 12| 12| 12| 12| 12| 12| 12|
-----------------------------------------------
 c| 13| 13| 13| 13| 13| 13| 13| 13| 13| 13| 13|
-----------------------------------------------
 d| 14| 14| 14| 14| 14| 14| 14| 14| 14| 14| 14|
-----------------------------------------------
 e| 15| 15| 15| 15| 15| 15| 15| 15| 15| 15| 15|
-----------------------------------------------
 f| 16| 16| 16| 16| 16| 16| 16| 16| 16| 16| 16|
-----------------------------------------------
 g| 17| 17| 17| 17| 17| 17| 17| 17| 17| 17| 17|
-----------------------------------------------
 n| 18| 18| 18| 18| 18| 18| 18| 18| 18| 18| 18|
-----------------------------------------------
 h| 19| 19| 19| 19| 19| 19| 19| 19| 19| 19| 19|
-----------------------------------------------
 j| 20| 20| 20| 20| 20| 20| 20| 20| 20| 20| 20|
-----------------------------------------------
 a| 21| 21| 21| 21| 21| 21| 21| 21| 21| 21| 21|
-----------------------------------------------
 b| 22| 22| 22| 22| 22| 22| 22| 22| 22| 22| 22|
-----------------------------------------------
 c| 23| 23| 23| 23| 23| 23| 23| 23| 23| 23| 23|
-----------------------------------------------
 d| 24| 24| 24| 24| 24| 24| 24| 24| 24| 24| 24|
-----------------------------------------------
 e| 25| 25| 25| 25| 25| 25| 25| 25| 25| 25| 25|
-----------------------------------------------
 f| 26| 26| 26| 26| 26| 26| 26| 26| 26| 26| 26|
-----------------------------------------------
 g| 27| 27| 27| 27| 27| 27| 27| 27| 27| 27| 27|
-----------------------------------------------
 n| 28| 28| 28| 28| 28| 28| 28| 28| 28| 28| 28|
-----------------------------------------------
 h| 29| 29| 29| 29| 29| 29| 29| 29| 29| 29| 29|
-----------------------------------------------
 j| 30| 30| 30| 30| 30| 30| 30| 30| 30| 30| 30|
-----------------------------------------------
 a| 31| 31| 31| 31| 31| 31| 31| 31| 31| 31| 31|
-----------------------------------------------
 b| 32| 32| 32| 32| 32| 32| 32| 32| 32| 32| 32|
-----------------------------------------------
 c| 33| 33| 33| 33| 33| 33| 33| 33| 33| 33| 33|
-----------------------------------------------
 d| 34| 34| 34| 34| 34| 34| 34| 34| 34| 34| 34|
-----------------------------------------------
 e| 35| 35| 35| 35| 35| 35| 35| 35| 35| 35| 35|
-----------------------------------------------
 f| 36| 36| 36| 36| 36| 36| 36| 36| 36| 36| 36|
-----------------------------------------------
 g| 37| 37| 37| 37| 37| 37| 37| 37| 37| 37| 37|
-----------------------------------------------
 n| 38| 38| 38| 38| 38| 38| 38| 38| 38| 38| 38|
-----------------------------------------------
 h| 39| 39| 39| 39| 39| 39| 39| 39| 39| 39| 39|
-----------------------------------------------
 j| 40| 40| 40| 40| 40| 40| 40| 40| 40| 40| 40|
-----------------------------------------------
 a| 41| 41| 41| 41| 41| 41| 41| 41| 41| 41| 41|
-----------------------------------------------
 b| 42| 42| 42| 42| 42| 42| 42| 42| 42| 42| 42|
-----------------------------------------------
 c| 43| 43| 43| 43| 43| 43| 43| 43| 43| 43| 43|
-----------------------------------------------
 d| 44| 44| 44| 44| 44| 44| 44| 44| 44| 44| 44|
-----------------------------------------------
 e| 45| 45| 45| 45| 45| 45| 45| 45| 45| 45| 45|
-----------------------------------------------
 f| 46| 46| 46| 46| 46| 46| 46| 46| 46| 46| 46|
-----------------------------------------------
 g| 47| 47| 47| 47| 47| 47| 47| 47| 47| 47| 47|
-----------------------------------------------
 n| 48| 48| 48| 48| 48| 48| 48| 48| 48| 48| 48|
-----------------------------------------------
 h| 49| 49| 49| 49| 49| 49| 49| 49| 49| 49| 49|
-----------------------------------------------
 j| 50| 50| 50| 50| 50| 50| 50| 50| 50| 50| 50|
-----------------------------------------------
 a| 51| 51| 51| 51| 51| 51| 51| 51| 51| 51| 51|
-----------------------------------------------
 b| 52| 52| 52| 52| 52| 52| 52| 52| 52| 52| 52|
-----------------------------------------------
 c| 53| 53| 53| 53| 53| 53| 53| 53| 53| 53| 53|
-----------------------------------------------
 d| 54| 54| 54| 54| 54| 54| 54| 54| 54| 54| 54|
-----------------------------------------------
 e| 55| 55| 55| 55| 55| 55| 55| 55| 55| 55| 55|
-----------------------------------------------
 f| 56| 56| 56| 56| 56| 56| 56| 56| 56| 56| 56|
-----------------------------------------------
 g| 57| 57| 57| 57| 57| 57| 57| 57| 57| 57| 57|
-----------------------------------------------
 n| 58| 58| 58| 58| 58| 58| 58| 58| 58| 58| 58|
-----------------------------------------------
 h| 59| 59| 59| 59| 59| 59| 59| 59| 59| 59| 59|
-----------------------------------------------
 j| 60| 60| 60| 60| 60| 60| 60| 60| 60| 60| 60|
-----------------------------------------------
 a| 61| 61| 61| 61| 61| 61| 61| 61| 61| 61| 61|
-----------------------------------------------
 b| 62| 62| 62| 62| 62| 62| 62| 62| 62| 62| 62|
-----------------------------------------------
 c| 63| 63| 63| 63| 63| 63| 63| 63| 63| 63| 63|
-----------------------------------------------
 d| 64| 64| 64| 64| 64| 64| 64| 64| 64| 64| 64|
-----------------------------------------------
 e| 65| 65| 65| 65| 65| 65| 65| 65| 65| 65| 65|
-----------------------------------------------
 f| 66| 66| 66| 66| 66| 66| 66| 66| 66| 66| 66|
-----------------------------------------------
 g| 67| 67| 67| 67| 67| 67| 67| 67| 67| 67| 67|
-----------------------------------------------
 n| 68| 68| 68| 68| 68| 68| 68| 68| 68| 68| 68|
-----------------------------------------------
 h| 69| 69| 69| 69| 69| 69| 69| 69| 69| 69| 69|
-----------------------------------------------
 j| 70| 70| 70| 70| 70| 70| 70| 70| 70| 70| 70|
-----------------------------------------------
 a| 71| 71| 71| 71| 71| 71| 71| 71| 71| 71| 71|
-----------------------------------------------
 b| 72| 72| 72| 72| 72| 72| 72| 72| 72| 72| 72|
-----------------------------------------------
 c| 73| 73| 73| 73| 73| 73| 73| 73| 73| 73| 73|
-----------------------------------------------
 d| 74| 74| 74| 74| 74| 74| 74| 74| 74| 74| 74|
-----------------------------------------------
 e| 75| 75| 75| 75| 75| 75| 75| 75| 75| 75| 75|
-----------------------------------------------
 f| 76| 76| 76| 76| 76| 76| 76| 76| 76| 76| 76|
-----------------------------------------------
 g| 77| 77| 77| 77| 77| 77| 77| 77| 77| 77| 77|
-----------------------------------------------
 n| 78| 78| 78| 78| 78| 78| 78| 78| 78| 78| 78|
-----------------------------------------------
 h| 79| 79| 79| 79| 79| 79| 79| 79| 79| 79| 79|
-----------------------------------------------
 j| 80| 80| 80| 80| 80| 80| 80| 80| 80| 80| 80|
-----------------------------------------------
 a| 81| 81| 81| 81| 81| 81| 81| 81| 81| 81| 81|
-----------------------------------------------
 b| 82| 82| 82| 82| 82| 82| 82| 82| 82| 82| 82|
-----------------------------------------------
 c| 83| 83| 83| 83| 83| 83| 83| 83| 83| 83| 83|
-----------------------------------------------
 d| 84| 84| 84| 84| 84| 84| 84| 84| 84| 84| 84|
-----------------------------------------------
 e| 85| 85| 85| 85| 85| 85| 85| 85| 85| 85| 85|
-----------------------------------------------
 f| 86| 86| 86| 86| 86| 86| 86| 86| 86| 86| 86|
-----------------------------------------------
 g| 87| 87| 87| 87| 87| 87| 87| 87| 87| 87| 87|
-----------------------------------------------
 n| 88| 88| 88| 88| 88| 88| 88| 88| 88| 88| 88|
-----------------------------------------------
 h| 89| 89| 89| 89| 89| 89| 89| 89| 89| 89| 89|
-----------------------------------------------
 j| 90| 90| 90| 90| 90| 90| 90| 90| 90| 90| 90|
-----------------------------------------------
 a| 91| 91| 91| 91| 91| 91| 91| 91| 91| 91| 91|
-----------------------------------------------
 b| 92| 92| 92| 92| 92| 92| 92| 92| 92| 92| 92|
-----------------------------------------------
 c| 93| 93| 93| 93| 93| 93| 93| 93| 93| 93| 93|
-----------------------------------------------
 d| 94| 94| 94| 94| 94| 94| 94| 94| 94| 94| 94|
-----------------------------------------------
 e| 95| 95| 95| 95| 95| 95| 95| 95| 95| 95| 95|
-----------------------------------------------
 f| 96| 96| 96| 96| 96| 96| 96| 96| 96| 96| 96|
-----------------------------------------------
 g| 97| 97| 97| 97| 97| 97| 97| 97| 97| 97| 97|
-----------------------------------------------
 n| 98| 98| 98| 98| 98| 98| 98| 98| 98| 98| 98|
-----------------------------------------------
 h| 99| 99| 99| 99| 99| 99| 99| 99| 99| 99| 99|
-----------------------------------------------
 j|100|100|100|100|100|100|100|100|100|100|100|
-----------------------------------------------

edit distance: 100

=========================================================================================

 first: -1
second: -1

Part 2 - spell check
Enter the dictionary file name: Enter the test file name: Could not open file bad_dict. Exit

Good bye!
==93==
==93== HEAP SUMMARY:
==93==     in use at exit: 0 bytes in 0 blocks
==93==   total heap usage: 3 allocs, 3 frees, 8,664 bytes allocated
==93==
==93== All heap blocks were freed -- no leaks are possible
==93==
==93== For lists of detected and suppressed errors, rerun with: -s
==93== ERROR SUMMARY: 0 errors from 0 contexts (suppressed: 0 from 0)

